nan
nan
nan
nan
nan
nan
nan
nan
nan
160915.6493043056
234977.23141173806
283746.87275159033
162897.69214047623
200315.00987770443
118376.51270051676
241770.51889905904
211083.99698945857
124077.55648194376
121703.61659414787
94204.73058603652
124310.9835294428
168388.80062482494
197519.7439252237
152685.65310036566
145148.35960228508
220744.8432074074
404712.009845193
319769.62257472426
228712.64997243695
150564.6323952186
87531.57680497342
97944.06980851293
93299.71969100507
104296.21033535944
54271.685320538
28873.31733078952
117073.93339582067
41705.97660131729
-64343.2126874635
-25597.258391865296
-110370.34955854656
-117154.40053050336
-149582.19178898435
-238591.7707775454
-332282.0648385426
-315941.9065145383
-375907.1229715785
-415461.1003429508
-354500.9456000626
-297335.34178705566
-205970.99551927592
-240785.7179079773
-176194.4481662663
-174222.74252954163
-121872.61363001492
-158177.77784111627
-108284.4561237377
-78029.51031901632
-93956.46336990078
-63777.17476618104
-45633.1771768258
-71944.88932874092
-97156.55436100185
-98638.00329592609
-114913.67149997756
-154210.3292652739
-184830.29569059814
-163176.7096199941
-68781.13767616206
29664.790635056677
84481.58337130817
84948.29403268563
124217.82166391463
189021.14463451604
211512.56361026087
201485.18377213407
179066.23894998024
126164.17161819246
127689.31028989906
59806.327447424206
132479.16833482776
86446.54248559897
59756.23713949634
83360.26339431788
112217.59867483797
165252.0223191569
212058.74814463686
337442.0679691845
331196.4653547546
462651.2139588485
523892.30075517343
651798.9816486542
455968.88004610874
423162.0493863295
685904.9323540262
865172.8098187281
1088143.2047873456
797542.5841120202
761428.5952801122
293422.4207325028
190535.11273114616
-195675.2144267857
-378803.17240714
-213211.69696017588
-283941.99524886184
-606115.6631625195
-896554.516112424
-601962.9872180744
-746447.6273860976
-753732.8157089897
-374701.1415613156
-200915.69229835982
-198412.16193639045
-353456.1575213673
-329537.91412237013
-192018.11574554024
176444.27923672367
729645.6474926367
933123.6029161799
832819.0238091883
529120.1444211055
322346.90790588036
102110.4310920923
-93838.33952192054
-279834.44208929664
-216485.9645198984
-170890.13601242728
-252820.05744005996
-275273.27627334185
-317019.79522574553
-449976.8198465905
-463461.3462963371
-511796.81427156704
-471948.5175498774
-379495.8188107125
-216833.50398008095
-69651.60209663399
-72631.84204461996
-67248.13638292148
-114005.50803196168
-7546.2047945724335
36691.346965684206
85479.6320525452
10373.463946939446
-80393.41063689307
-148084.75381783507
-138566.21659023542
-174259.38621619658
-110297.52958898101
-89579.35827884945
-57912.528353899834
-110171.04989788335
-143377.10417515956
-124858.28963630315
-75426.82402468371
-113159.28590859396
-170563.56250577714
-282321.4427040996
-250419.46253940364
-46006.33769571861
106361.77437933907
122863.67407252881
273547.6420065384
212168.91009659454
230646.57339738193
152425.84633967798
106569.56287610042
14239.532106809143
-56855.37733882293
-80770.98780850729
-40073.12047260429
76452.65438959212
78598.65431295196
91011.95843496762
9417.459354432416
-43385.059301643516
-134215.85699716094
-198467.28723649436
-406209.4825856313
-567054.1852964328
-601567.5104693582
-507459.884967129
-479302.6395373874
-503529.4961460631
-513504.25601815304
-390776.49814599403
-399750.5134507548
-350850.4184889975
-384368.1597783698
-345546.97578053456
62959.233653174015
757019.7980894024
1139860.025407067
1345015.6968990043
1199426.9082457968
848792.1848653211
538038.3266764609
421627.3095377033
263014.31984114577
292062.28992921684
257142.5240625902
186698.22876802762
36892.63262315956
-60520.82217457367
-66922.388030504
-150766.98633942357
-171360.9596167613
-391145.74781051255
-271807.4719676066
-434651.0749578939
-659787.2611023763
-674195.3694598677
-598244.6983824894
-431222.7904314463
-141040.0289577063
-174459.62390411145
-423970.77338263846
-279690.04831634206
-99536.88366955298
113914.52159530343
157030.67633135407
201541.6236023419
229476.5998857144
75854.25878888939
33165.368450289185
129533.51617992739
206755.23423478706
306531.15820558136
319482.11272039893
403260.7929564257
567606.6582387616
448982.08874164906
457621.21638500376
319267.65802228544
341279.17584157176
214007.49795376265
142486.58445840667
4629.920249441871
-85608.60179811425
-25892.6697450137
-87178.58211010869
-225721.99683686788
-176418.00976057904
-280630.65052386327
-373712.1510364257
-216737.25115188985
-144750.26927622693
-13847.388574708486
95873.27976452233
132043.25501561473
204992.13779174036
289353.1025625224
156869.76064488583
46705.824347226415
-2607.2245333811734
62687.83042758773
-34071.26803634077
-29694.64758646232
96919.8469236209
213831.13586650847
281151.3780825527
161027.76098161144
276500.651472292
416739.592902818
358775.72578612366
339967.047500252
352607.2353984334
381870.3363205588
312440.39248683234
299519.53129847394
267004.6761488288
296629.77999832365
421378.561490624
577883.3149959007
538214.1028765314
677661.6835156907
506544.8841646267
286821.4313242254
261363.94928428438
104978.48396937456
-10105.08371727448
-149031.9901602422
-112965.99823598005
-61667.80473035853
66752.34758833749
161970.01466522925
77986.74077257281
62310.212897768244
73334.53820070205
121138.81326093012
144925.37003457546
101362.82174186269
74326.97728194715
43437.255098471884
69595.30010537105
56178.54881073488
83291.86429831805
53836.53297066409
-34022.060115254484
-18761.97909447085
16551.53699837625
49752.88112741569
40379.350895893294
7764.238447008189
